$ 1 0.000005 10.20027730826997 50 5 43
w 160 144 160 128 0
w 240 128 240 144 0
w 240 144 288 144 0
x 170 110 231 113 4 24 Motor
t 288 144 368 144 0 1 0.6678081517809247 -3.7391356767179955 100
v 96 144 160 144 0 0 40 12 0 0 0.5
d 400 160 368 160 2 default
s 368 128 400 128 0 0 false
v 496 128 496 176 0 0 40 5 0 0 0.5
w 496 128 400 128 0
w 400 160 400 176 0
w 400 176 96 176 0
w 96 144 96 176 0
w 496 176 400 176 0
r 160 128 240 128 0 1000
x 330 117 432 120 4 24 GPIO\sPin
x 515 161 544 164 4 24 5V
x 93 122 135 125 4 24 12V
x 278 165 350 168 4 24 Mosfet
